-1.50388124055743
-1.50106702301422
-1.498252805471
-1.49543858792779
-1.49262437038458
-1.48981015284137
-1.48699593529816
-1.48418171775494
-1.48136750021173
-1.47855328266852
-1.47573906512531
-1.4729248475821
-1.47011063003888
-1.46729641249567
-1.46448219495246
-1.46166797740925
-1.45885375986604
-1.45603954232282
-1.45322532477961
-1.4504111072364
-1.44759688969319
-1.44478267214997
-1.44196845460676
-1.43915423706355
-1.43634001952034
-1.43352580197713
-1.43071158443391
-1.4278973668907
-1.42508314934749
-1.42226893180428
-1.41945471426107
-1.41664049671785
-1.41382627917464
-1.41101206163143
-1.40819784408822
-1.40538362654501
-1.40256940900179
-1.39975519145858
-1.39694097391537
-1.39412675637216
-1.39131253882895
-1.38849832128573
-1.38568410374252
-1.38286988619931
-1.3800556686561
-1.37724145111289
-1.37442723356967
-1.37161301602646
-1.36879879848325
-1.36598458094004
-1.36317036339683
-1.36035614585361
-1.3575419283104
-1.35472771076719
-1.35191349322398
-1.34909927568077
-1.34628505813755
-1.34347084059434
-1.34065662305113
-1.33784240550792
-1.33502818796471
-1.33221397042149
-1.32939975287828
-1.32658553533507
-1.32377131779186
-1.32095710024865
-1.31814288270543
-1.31532866516222
-1.31251444761901
-1.3097002300758
-1.30688601253259
-1.30407179498937
-1.30125757744616
-1.29844335990295
-1.29562914235974
-1.29281492481653
-1.29000070727331
-1.2871864897301
-1.28437227218689
-1.28155805464368
-1.27874383710046
-1.27592961955725
-1.27311540201404
-1.27030118447083
-1.26748696692762
-1.2646727493844
-1.26185853184119
-1.25904431429798
-1.25623009675477
-1.25341587921156
-1.25060166166834
-1.24778744412513
-1.24497322658192
-1.24215900903871
-1.2393447914955
-1.23653057395228
-1.23371635640907
-1.23090213886586
-1.22808792132265
-1.22527370377944
-1.22245948623622
-1.21964526869301
-1.2168310511498
-1.21401683360659
-1.21120261606338
-1.20838839852016
-1.20557418097695
-1.20275996343374
-1.19994574589053
-1.19713152834732
-1.1943173108041
-1.19150309326089
-1.18868887571768
-1.18587465817447
-1.18306044063126
-1.18024622308804
-1.17743200554483
-1.17461778800162
-1.17180357045841
-1.1689893529152
-1.16617513537198
-1.16336091782877
-1.16054670028556
-1.15773248274235
-1.15491826519914
-1.15210404765592
-1.14928983011271
-1.1464756125695
-1.14366139502629
-1.14084717748308
-1.13803295993986
-1.13521874239665
-1.13240452485344
-1.12959030731023
-1.12677608976702
-1.1239618722238
-1.12114765468059
-1.11833343713738
-1.11551921959417
-1.11270500205096
-1.10989078450774
-1.10707656696453
-1.10426234942132
-1.10144813187811
-1.0986339143349
-1.09581969679168
-1.09300547924847
-1.09019126170526
-1.08737704416205
-1.08456282661883
-1.08174860907562
-1.07893439153241
-1.0761201739892
-1.07330595644599
-1.07049173890277
-1.06767752135956
-1.06486330381635
-1.06204908627314
-1.05923486872993
-1.05642065118671
-1.0536064336435
-1.05079221610029
-1.04797799855708
-1.04516378101387
-1.04234956347065
-1.03953534592744
-1.03672112838423
-1.03390691084102
-1.03109269329781
-1.02827847575459
-1.02546425821138
-1.02265004066817
-1.01983582312496
-1.01702160558175
-1.01420738803853
-1.01139317049532
-1.00857895295211
-1.0057647354089
-1.00295051786569
-1.00013630032247
-0.997322082779262
-0.99450786523605
-0.991693647692838
-0.988879430149626
-0.986065212606414
-0.983250995063202
-0.98043677751999
-0.977622559976778
-0.974808342433566
-0.971994124890354
-0.969179907347142
-0.96636568980393
-0.963551472260718
-0.960737254717506
-0.957923037174294
-0.955108819631081
-0.952294602087869
-0.949480384544657
-0.946666167001445
-0.943851949458233
-0.941037731915021
-0.938223514371809
-0.935409296828597
-0.932595079285385
-0.929780861742173
-0.926966644198961
-0.924152426655749
-0.921338209112537
-0.918523991569325
-0.915709774026113
-0.912895556482901
-0.910081338939689
-0.907267121396477
-0.904452903853265
-0.901638686310053
-0.898824468766841
-0.896010251223629
-0.893196033680417
-0.890381816137205
-0.887567598593993
-0.884753381050781
-0.881939163507569
-0.879124945964357
-0.876310728421145
-0.873496510877933
-0.87068229333472
-0.867868075791508
-0.865053858248296
-0.862239640705084
-0.859425423161872
-0.85661120561866
-0.853796988075448
-0.850982770532236
-0.848168552989024
-0.845354335445812
-0.8425401179026
-0.839725900359388
-0.836911682816176
-0.834097465272964
-0.831283247729752
-0.82846903018654
-0.825654812643328
-0.822840595100116
-0.820026377556904
-0.817212160013692
-0.81439794247048
-0.811583724927268
-0.808769507384056
-0.805955289840844
-0.803141072297632
-0.80032685475442
-0.797512637211208
-0.794698419667996
-0.791884202124784
-0.789069984581572
-0.78625576703836
-0.783441549495148
-0.780627331951935
-0.777813114408723
-0.774998896865511
-0.7721846793223
-0.769370461779087
-0.766556244235875
-0.763742026692663
-0.760927809149451
-0.758113591606239
-0.755299374063027
-0.752485156519815
-0.749670938976603
-0.746856721433391
-0.744042503890179
-0.741228286346967
-0.738414068803755
-0.735599851260543
-0.732785633717331
-0.729971416174119
-0.727157198630907
-0.724342981087695
-0.721528763544483
-0.718714546001271
-0.715900328458059
-0.713086110914847
-0.710271893371635
-0.707457675828423
-0.704643458285211
-0.701829240741999
-0.699015023198787
-0.696200805655575
-0.693386588112363
-0.69057237056915
-0.687758153025939
-0.684943935482726
-0.682129717939514
-0.679315500396302
-0.67650128285309
-0.673687065309878
-0.670872847766666
-0.668058630223454
-0.665244412680242
-0.66243019513703
-0.659615977593818
-0.656801760050606
-0.653987542507394
-0.651173324964182
-0.64835910742097
-0.645544889877758
-0.642730672334546
-0.639916454791334
-0.637102237248122
-0.63428801970491
-0.631473802161698
-0.628659584618486
-0.625845367075274
-0.623031149532062
-0.62021693198885
-0.617402714445638
-0.614588496902426
-0.611774279359214
-0.608960061816002
-0.60614584427279
-0.603331626729577
-0.600517409186366
-0.597703191643153
-0.594888974099941
-0.592074756556729
-0.589260539013517
-0.586446321470305
-0.583632103927093
-0.580817886383881
-0.578003668840669
-0.575189451297457
-0.572375233754245
-0.569561016211033
-0.566746798667821
-0.563932581124609
-0.561118363581397
-0.558304146038185
-0.555489928494973
-0.552675710951761
-0.549861493408549
-0.547047275865337
-0.544233058322125
-0.541418840778913
-0.538604623235701
-0.535790405692489
-0.532976188149277
-0.530161970606065
-0.527347753062853
-0.524533535519641
-0.521719317976429
-0.518905100433216
-0.516090882890005
-0.513276665346793
-0.510462447803581
-0.507648230260368
-0.504834012717156
-0.502019795173944
-0.499205577630732
-0.49639136008752
-0.493577142544308
-0.490762925001096
-0.487948707457884
-0.485134489914672
-0.48232027237146
-0.479506054828248
-0.476691837285036
-0.473877619741824
-0.471063402198612
-0.4682491846554
-0.465434967112188
-0.462620749568976
-0.459806532025764
-0.456992314482552
-0.45417809693934
-0.451363879396128
-0.448549661852916
-0.445735444309704
-0.442921226766492
-0.44010700922328
-0.437292791680068
-0.434478574136856
-0.431664356593644
-0.428850139050432
-0.426035921507219
-0.423221703964008
-0.420407486420796
-0.417593268877584
-0.414779051334371
-0.411964833791159
-0.409150616247947
-0.406336398704735
-0.403522181161523
-0.400707963618311
-0.397893746075099
-0.395079528531887
-0.392265310988675
-0.389451093445463
-0.386636875902251
-0.383822658359039
-0.381008440815827
-0.378194223272615
-0.375380005729403
-0.372565788186191
-0.369751570642979
-0.366937353099767
-0.364123135556555
-0.361308918013343
-0.358494700470131
-0.355680482926919
-0.352866265383707
-0.350052047840495
-0.347237830297283
-0.344423612754071
-0.341609395210859
-0.338795177667647
-0.335980960124435
-0.333166742581223
-0.330352525038011
-0.327538307494798
-0.324724089951586
-0.321909872408374
-0.319095654865162
-0.31628143732195
-0.313467219778738
-0.310653002235526
-0.307838784692314
-0.305024567149102
-0.30221034960589
-0.299396132062678
-0.296581914519466
-0.293767696976254
-0.290953479433042
-0.28813926188983
-0.285325044346618
-0.282510826803406
-0.279696609260194
-0.276882391716982
-0.27406817417377
-0.271253956630558
-0.268439739087346
-0.265625521544134
-0.262811304000922
-0.25999708645771
-0.257182868914497
-0.254368651371286
-0.251554433828074
-0.248740216284862
-0.24592599874165
-0.243111781198438
-0.240297563655226
-0.237483346112013
-0.234669128568801
-0.231854911025589
-0.229040693482377
-0.226226475939165
-0.223412258395953
-0.220598040852741
-0.217783823309529
-0.214969605766317
-0.212155388223105
-0.209341170679893
-0.206526953136681
-0.203712735593469
-0.200898518050257
-0.198084300507045
-0.195270082963833
-0.192455865420621
-0.189641647877409
-0.186827430334197
-0.184013212790985
-0.181198995247773
-0.178384777704561
-0.175570560161349
-0.172756342618137
-0.169942125074925
-0.167127907531713
-0.164313689988501
-0.161499472445289
-0.158685254902077
-0.155871037358865
-0.153056819815653
-0.150242602272441
-0.147428384729228
-0.144614167186016
-0.141799949642804
-0.138985732099592
-0.13617151455638
-0.133357297013168
-0.130543079469956
-0.127728861926744
-0.124914644383532
-0.12210042684032
-0.119286209297108
-0.116471991753896
-0.113657774210684
-0.110843556667472
-0.10802933912426
-0.105215121581048
-0.102400904037836
-0.0995866864946238
-0.0967724689514118
-0.0939582514081998
-0.0911440338649878
-0.0883298163217756
-0.0855155987785636
-0.0827013812353519
-0.0798871636921397
-0.0770729461489277
-0.0742587286057157
-0.0714445110625037
-0.0686302935192915
-0.0658160759760795
-0.0630018584328675
-0.0601876408896553
-0.0573734233464434
-0.0545592058032314
-0.0517449882600194
-0.0489307707168072
-0.0461165531735952
-0.0433023356303832
-0.0404881180871715
-0.0376739005439592
-0.0348596830007473
-0.0320454654575353
-0.0292312479143231
-0.0264170303711111
-0.0236028128278991
-0.0207885952846871
-0.0179743777414749
-0.0151601601982629
-0.012345942655051
-0.00953172511183875
-0.00671750756862677
-0.00390329002541479
-0.0010890724822028
0.00172514506100918
0.00453936260422116
0.00735358014743315
0.0101677976906454
0.0129820152338573
0.0157962327770693
0.0186104503202813
0.0214246678634935
0.0242388854067055
0.0270531029499175
0.0298673204931297
0.0326815380363417
0.0354957555795536
0.0383099731227656
0.0411241906659778
0.0439384082091896
0.0467526257524016
0.0495668432956138
0.0523810608388258
0.0551952783820377
0.0580094959252497
0.0608237134684619
0.0636379310116739
0.0664521485548859
0.0692663660980981
0.0720805836413101
0.0748948011845221
0.0777090187277341
0.0805232362709463
0.0833374538141582
0.08615167135737
0.0889658889005822
0.0917801064437942
0.0945943239870062
0.0974085415302182
0.10022275907343
0.103036976616642
0.105851194159854
0.108665411703067
0.111479629246279
0.114293846789491
0.117108064332702
0.119922281875915
0.122736499419127
0.125550716962339
0.12836493450555
0.131179152048763
0.133993369591975
0.136807587135187
0.139621804678399
0.142436022221611
0.145250239764823
0.148064457308035
0.150878674851247
0.153692892394459
0.156507109937671
0.159321327480883
0.162135545024095
0.164949762567307
0.167763980110519
0.170578197653731
0.173392415196943
0.176206632740155
0.179020850283367
0.181835067826579
0.184649285369791
0.187463502913003
0.190277720456215
0.193091937999427
0.195906155542639
0.198720373085852
0.201534590629064
0.204348808172276
0.207163025715488
0.2099772432587
0.212791460801911
0.215605678345123
0.218419895888336
0.221234113431548
0.22404833097476
0.226862548517972
0.229676766061184
0.232490983604396
0.235305201147608
0.23811941869082
0.240933636234032
0.243747853777244
0.246562071320456
0.249376288863668
0.25219050640688
0.255004723950092
0.257818941493304
0.260633159036516
0.263447376579728
0.26626159412294
0.269075811666152
0.271890029209364
0.274704246752576
0.277518464295788
0.280332681839
0.283146899382212
0.285961116925424
0.288775334468637
0.291589552011849
0.294403769555061
0.297217987098273
0.300032204641485
0.302846422184696
0.305660639727908
0.308474857271121
0.311289074814333
0.314103292357545
0.316917509900757
0.319731727443969
0.322545944987181
0.325360162530393
0.328174380073605
0.330988597616817
0.333802815160029
0.336617032703241
0.339431250246453
0.342245467789665
0.345059685332877
0.347873902876089
0.350688120419301
0.353502337962513
0.356316555505725
0.359130773048937
0.361944990592149
0.364759208135361
0.367573425678573
0.370387643221785
0.373201860764997
0.376016078308209
0.378830295851422
0.381644513394634
0.384458730937845
0.387272948481058
0.39008716602427
0.392901383567481
0.395715601110693
0.398529818653906
0.401344036197118
0.40415825374033
0.406972471283542
0.409786688826754
0.412600906369966
0.415415123913178
0.41822934145639
0.421043558999602
0.423857776542814
0.426671994086026
0.429486211629238
0.43230042917245
0.435114646715662
0.437928864258874
0.440743081802086
0.443557299345298
0.44637151688851
0.449185734431722
0.451999951974934
0.454814169518146
0.457628387061358
0.46044260460457
0.463256822147782
0.466071039690995
0.468885257234206
0.471699474777418
0.47451369232063
0.477327909863843
0.480142127407055
0.482956344950267
0.485770562493479
0.488584780036691
0.491398997579903
0.494213215123115
0.497027432666327
0.499841650209539
0.502655867752751
0.505470085295963
0.508284302839175
0.511098520382387
0.513912737925599
0.516726955468811
0.519541173012023
0.522355390555235
0.525169608098447
0.527983825641659
0.530798043184871
0.533612260728083
0.536426478271295
0.539240695814507
0.542054913357719
0.544869130900931
0.547683348444143
0.550497565987356
0.553311783530567
0.55612600107378
0.558940218616991
0.561754436160204
0.564568653703416
0.567382871246628
0.57019708878984
0.573011306333052
0.575825523876263
0.578639741419475
0.581453958962688
0.584268176505899
0.587082394049112
0.589896611592324
0.592710829135536
0.595525046678748
0.59833926422196
0.601153481765172
0.603967699308384
0.606781916851596
0.609596134394808
0.61241035193802
0.615224569481232
0.618038787024444
0.620853004567656
0.623667222110868
0.62648143965408
0.629295657197292
0.632109874740504
0.634924092283716
0.637738309826928
0.64055252737014
0.643366744913353
0.646180962456564
0.648995179999777
0.651809397542989
0.654623615086201
0.657437832629412
0.660252050172625
0.663066267715836
0.665880485259049
0.66869470280226
0.671508920345472
0.674323137888685
0.677137355431896
0.679951572975109
0.682765790518321
0.685580008061533
0.688394225604745
0.691208443147957
0.694022660691169
0.696836878234381
0.699651095777593
0.702465313320805
0.705279530864017
0.708093748407229
0.710907965950441
0.713722183493653
0.716536401036865
0.719350618580077
0.72216483612329
0.724979053666501
0.727793271209713
0.730607488752926
0.733421706296137
0.73623592383935
0.739050141382562
0.741864358925774
0.744678576468985
0.747492794012197
0.750307011555409
0.753121229098622
0.755935446641833
0.758749664185046
0.761563881728258
0.764378099271469
0.767192316814682
0.770006534357894
0.772820751901106
0.775634969444318
0.77844918698753
0.781263404530742
0.784077622073954
0.786891839617166
0.789706057160378
0.79252027470359
0.795334492246802
0.798148709790014
0.800962927333226
0.803777144876438
0.80659136241965
0.809405579962863
0.812219797506074
0.815034015049287
0.817848232592499
0.82066245013571
0.823476667678923
0.826290885222134
0.829105102765346
0.831919320308558
0.83473353785177
0.837547755394982
0.840361972938195
0.843176190481406
0.845990408024619
0.848804625567831
0.851618843111043
0.854433060654255
0.857247278197466
0.860061495740679
0.862875713283891
0.865689930827103
0.868504148370315
0.871318365913527
0.874132583456739
0.876946800999951
0.879761018543163
0.882575236086375
0.885389453629587
0.888203671172799
0.891017888716011
0.893832106259223
0.896646323802435
0.899460541345647
0.90227475888886
0.905088976432071
0.907903193975284
0.910717411518496
0.913531629061707
0.916345846604919
0.919160064148131
0.921974281691343
0.924788499234555
0.927602716777768
0.930416934320979
0.933231151864192
0.936045369407403
0.938859586950616
0.941673804493828
0.94448802203704
0.947302239580252
0.950116457123464
0.952930674666676
0.955744892209888
0.9585591097531
0.961373327296312
0.964187544839524
0.967001762382736
0.969815979925948
0.97263019746916
0.975444415012372
0.978258632555584
0.981072850098796
0.983887067642008
0.98670128518522
0.989515502728433
0.992329720271644
0.995143937814857
0.997958155358068
1.00077237290128
1.00358659044449
1.0064008079877
1.00921502553092
1.01202924307413
1.01484346061734
1.01765767816055
1.02047189570376
1.02328611324698
1.02610033079019
1.0289145483334
1.03172876587661
1.03454298341982
1.03735720096304
1.04017141850625
1.04298563604946
1.04579985359267
1.04861407113588
1.0514282886791
1.05424250622231
1.05705672376552
1.05987094130873
1.06268515885195
1.06549937639516
1.06831359393837
1.07112781148158
1.07394202902479
1.07675624656801
1.07957046411122
1.08238468165443
1.08519889919764
1.08801311674085
1.09082733428407
1.09364155182728
1.09645576937049
1.0992699869137
1.10208420445691
1.10489842200013
1.10771263954334
1.11052685708655
1.11334107462976
1.11615529217297
1.11896950971619
1.1217837272594
1.12459794480261
1.12741216234582
1.13022637988903
1.13304059743225
1.13585481497546
1.13866903251867
1.14148325006188
1.14429746760509
1.14711168514831
1.14992590269152
1.15274012023473
1.15555433777794
1.15836855532115
1.16118277286437
1.16399699040758
1.16681120795079
1.169625425494
1.17243964303721
1.17525386058043
1.17806807812364
1.18088229566685
1.18369651321006
1.18651073075327
1.18932494829649
1.1921391658397
1.19495338338291
1.19776760092612
1.20058181846933
1.20339603601255
1.20621025355576
1.20902447109897
1.21183868864218
1.21465290618539
1.21746712372861
1.22028134127182
1.22309555881503
1.22590977635824
1.22872399390145
1.23153821144467
1.23435242898788
1.23716664653109
1.2399808640743
1.24279508161752
1.24560929916073
1.24842351670394
1.25123773424715
1.25405195179036
1.25686616933358
1.25968038687679
1.26249460442
1.26530882196321
1.26812303950642
1.27093725704964
1.27375147459285
1.27656569213606
1.27937990967927
1.28219412722248
1.2850083447657
1.28782256230891
1.29063677985212
1.29345099739533
1.29626521493854
1.29907943248176
1.30189365002497
1.30470786756818
1.30752208511139
