-0.0141056016911825
-0.0140128599338677
-0.0139201181765529
-0.0138273764192382
-0.0137346346619234
-0.0136418929046086
-0.0135491511472939
-0.0134564093899791
-0.0133636676326643
-0.0132709258753495
-0.0131781841180348
-0.01308544236072
-0.0129927006034052
-0.0128999588460905
-0.0128072170887757
-0.0127144753314609
-0.0126217335741462
-0.0125289918168314
-0.0124362500595166
-0.0123435083022018
-0.0122507665448871
-0.0121580247875723
-0.0120652830302575
-0.0119725412729428
-0.011879799515628
-0.0117870577583132
-0.0116943160009985
-0.0116015742436837
-0.0115088324863689
-0.0114160907290541
-0.0113233489717394
-0.0112306072144246
-0.0111378654571098
-0.0110451236997951
-0.0109523819424803
-0.0108596401851655
-0.0107668984278508
-0.010674156670536
-0.0105814149132212
-0.0104886731559064
-0.0103959313985917
-0.0103031896412769
-0.0102104478839621
-0.0101177061266474
-0.0100249643693326
-0.00993222261201782
-0.00983948085470305
-0.00974673909738829
-0.00965399734007352
-0.00956125558275875
-0.00946851382544397
-0.0093757720681292
-0.00928303031081443
-0.00919028855349966
-0.00909754679618489
-0.00900480503887013
-0.00891206328155536
-0.00881932152424058
-0.00872657976692582
-0.00863383800961105
-0.00854109625229628
-0.00844835449498151
-0.00835561273766674
-0.00826287098035196
-0.00817012922303719
-0.00807738746572242
-0.00798464570840766
-0.00789190395109289
-0.00779916219377812
-0.00770642043646335
-0.00761367867914858
-0.00752093692183381
-0.00742819516451904
-0.00733545340720427
-0.0072427116498895
-0.00714996989257473
-0.00705722813525996
-0.00696448637794519
-0.00687174462063042
-0.00677900286331565
-0.00668626110600088
-0.00659351934868611
-0.00650077759137134
-0.00640803583405657
-0.0063152940767418
-0.00622255231942703
-0.00612981056211226
-0.00603706880479749
-0.00594432704748271
-0.00585158529016795
-0.00575884353285318
-0.00566610177553841
-0.00557336001822364
-0.00548061826090887
-0.0053878765035941
-0.00529513474627933
-0.00520239298896456
-0.00510965123164979
-0.00501690947433502
-0.00492416771702025
-0.00483142595970548
-0.00473868420239071
-0.00464594244507594
-0.00455320068776117
-0.0044604589304464
-0.00436771717313163
-0.00427497541581686
-0.00418223365850209
-0.00408949190118732
-0.00399675014387255
-0.00390400838655778
-0.00381126662924301
-0.00371852487192824
-0.00362578311461347
-0.0035330413572987
-0.00344029959998393
-0.00334755784266916
-0.00325481608535439
-0.00316207432803962
-0.00306933257072485
-0.00297659081341008
-0.00288384905609531
-0.00279110729878054
-0.00269836554146577
-0.002605623784151
-0.00251288202683623
-0.00242014026952146
-0.00232739851220669
-0.00223465675489192
-0.00214191499757715
-0.00204917324026238
-0.00195643148294761
-0.00186368972563284
-0.00177094796831807
-0.0016782062110033
-0.00158546445368853
-0.00149272269637376
-0.00139998093905899
-0.00130723918174422
-0.00121449742442945
-0.00112175566711468
-0.00102901390979991
-0.000936272152485139
-0.000843530395170369
-0.000750788637855599
-0.000658046880540828
-0.000565305123226058
-0.00047256336591129
-0.000379821608596519
-0.000287079851281749
-0.000194338093966979
-0.000101596336652209
-8.85457933743825e-06
8.38871779773303e-05
0.000176628935292101
0.000269370692606871
0.000362112449921641
0.000454854207236411
0.00054759596455118
0.00064033772186595
0.00073307947918072
0.000825821236495492
0.000918562993810263
0.00101130475112503
0.0011040465084398
0.00119678826575457
0.00128953002306934
0.00138227178038411
0.00147501353769888
0.00156775529501365
0.00166049705232842
0.00175323880964319
0.00184598056695796
0.00193872232427273
0.0020314640815875
0.00212420583890227
0.00221694759621704
0.00230968935353181
0.00240243111084658
0.00249517286816135
0.00258791462547612
0.00268065638279089
0.00277339814010566
0.00286613989742043
0.0029588816547352
0.00305162341204997
0.00314436516936474
0.00323710692667951
0.00332984868399428
0.00342259044130905
0.00351533219862382
0.00360807395593859
0.00370081571325336
0.00379355747056813
0.0038862992278829
0.00397904098519767
0.00407178274251244
0.00416452449982721
0.00425726625714198
0.00435000801445675
0.00444274977177152
0.00453549152908629
0.00462823328640106
0.00472097504371583
0.0048137168010306
0.00490645855834537
0.00499920031566014
0.00509194207297491
0.00518468383028968
0.00527742558760445
0.00537016734491922
0.00546290910223399
0.00555565085954876
0.00564839261686353
0.0057411343741783
0.00583387613149307
0.00592661788880784
0.00601935964612261
0.00611210140343738
0.00620484316075215
0.00629758491806692
0.00639032667538169
0.00648306843269646
0.00657581019001123
0.006668551947326
0.00676129370464077
0.00685403546195554
0.00694677721927031
0.00703951897658508
0.00713226073389985
0.00722500249121462
0.00731774424852939
0.00741048600584416
0.00750322776315893
0.0075959695204737
0.00768871127778847
0.00778145303510324
0.00787419479241801
0.00796693654973278
0.00805967830704755
0.00815242006436232
0.00824516182167709
0.00833790357899186
0.00843064533630663
0.0085233870936214
0.00861612885093617
0.00870887060825094
0.00880161236556571
0.00889435412288048
0.00898709588019525
0.00907983763751002
0.00917257939482479
0.00926532115213956
0.00935806290945433
0.0094508046667691
0.00954354642408387
0.00963628818139864
0.00972902993871341
0.00982177169602818
0.00991451345334295
0.0100072552106577
0.0100999969679725
0.0101927387252873
0.010285480482602
0.0103782222399168
0.0104709639972316
0.0105637057545463
0.0106564475118611
0.0107491892691759
0.0108419310264906
0.0109346727838054
0.0110274145411202
0.011120156298435
0.0112128980557497
0.0113056398130645
0.0113983815703793
0.011491123327694
0.0115838650850088
0.0116766068423236
0.0117693485996383
0.0118620903569531
0.0119548321142679
0.0120475738715827
0.0121403156288974
0.0122330573862122
0.012325799143527
0.0124185409008417
0.0125112826581565
0.0126040244154713
0.012696766172786
0.0127895079301008
0.0128822496874156
0.0129749914447304
0.0130677332020451
0.0131604749593599
0.0132532167166747
0.0133459584739894
0.0134387002313042
0.013531441988619
0.0136241837459337
0.0137169255032485
0.0138096672605633
0.0139024090178781
0.0139951507751928
0.0140878925325076
0.0141806342898224
0.0142733760471371
0.0143661178044519
0.0144588595617667
0.0145516013190814
0.0146443430763962
0.014737084833711
0.0148298265910258
0.0149225683483405
0.0150153101056553
0.0151080518629701
0.0152007936202848
0.0152935353775996
0.0153862771349144
0.0154790188922291
0.0155717606495439
0.0156645024068587
0.0157572441641735
0.0158499859214882
0.015942727678803
0.0160354694361178
0.0161282111934325
0.0162209529507473
0.0163136947080621
0.0164064364653768
0.0164991782226916
0.0165919199800064
0.0166846617373212
0.0167774034946359
0.0168701452519507
0.0169628870092655
0.0170556287665802
0.017148370523895
0.0172411122812098
0.0173338540385245
0.0174265957958393
0.0175193375531541
0.0176120793104689
0.0177048210677836
0.0177975628250984
0.0178903045824132
0.0179830463397279
0.0180757880970427
0.0181685298543575
0.0182612716116722
0.018354013368987
0.0184467551263018
0.0185394968836166
0.0186322386409313
0.0187249803982461
0.0188177221555609
0.0189104639128756
0.0190032056701904
0.0190959474275052
0.0191886891848199
0.0192814309421347
0.0193741726994495
0.0194669144567643
0.019559656214079
0.0196523979713938
0.0197451397287086
0.0198378814860233
0.0199306232433381
0.0200233650006529
0.0201161067579676
0.0202088485152824
0.0203015902725972
0.020394332029912
0.0204870737872267
0.0205798155445415
0.0206725573018563
0.020765299059171
0.0208580408164858
0.0209507825738006
0.0210435243311153
0.0211362660884301
0.0212290078457449
0.0213217496030597
0.0214144913603744
0.0215072331176892
0.021599974875004
0.0216927166323187
0.0217854583896335
0.0218782001469483
0.021970941904263
0.0220636836615778
0.0221564254188926
0.0222491671762074
0.0223419089335221
0.0224346506908369
0.0225273924481517
0.0226201342054664
0.0227128759627812
0.022805617720096
0.0228983594774107
0.0229911012347255
0.0230838429920403
0.0231765847493551
0.0232693265066698
0.0233620682639846
0.0234548100212994
0.0235475517786141
0.0236402935359289
0.0237330352932437
0.0238257770505584
0.0239185188078732
0.024011260565188
0.0241040023225028
0.0241967440798175
0.0242894858371323
0.0243822275944471
0.0244749693517618
0.0245677111090766
0.0246604528663914
0.0247531946237061
0.0248459363810209
0.0249386781383357
0.0250314198956504
0.0251241616529652
0.02521690341028
0.0253096451675948
0.0254023869249095
0.0254951286822243
0.0255878704395391
0.0256806121968538
0.0257733539541686
0.0258660957114834
0.0259588374687982
0.0260515792261129
0.0261443209834277
0.0262370627407425
0.0263298044980572
0.026422546255372
0.0265152880126868
0.0266080297700015
0.0267007715273163
0.0267935132846311
0.0268862550419458
0.0269789967992606
0.0270717385565754
0.0271644803138902
0.0272572220712049
0.0273499638285197
0.0274427055858345
0.0275354473431492
0.027628189100464
0.0277209308577788
0.0278136726150936
0.0279064143724083
0.0279991561297231
0.0280918978870379
0.0281846396443526
0.0282773814016674
0.0283701231589822
0.0284628649162969
0.0285556066736117
0.0286483484309265
0.0287410901882412
0.028833831945556
0.0289265737028708
0.0290193154601856
0.0291120572175003
0.0292047989748151
0.0292975407321299
0.0293902824894446
0.0294830242467594
0.0295757660040742
0.0296685077613889
0.0297612495187037
0.0298539912760185
0.0299467330333333
0.030039474790648
0.0301322165479628
0.0302249583052776
0.0303177000625923
0.0304104418199071
0.0305031835772219
0.0305959253345366
0.0306886670918514
0.0307814088491662
0.030874150606481
0.0309668923637957
0.0310596341211105
0.0311523758784253
0.03124511763574
0.0313378593930548
0.0314306011503696
0.0315233429076843
0.0316160846649991
0.0317088264223139
0.0318015681796287
0.0318943099369434
0.0319870516942582
0.032079793451573
0.0321725352088877
0.0322652769662025
0.0323580187235173
0.032450760480832
0.0325435022381468
0.0326362439954616
0.0327289857527764
0.0328217275100911
0.0329144692674059
0.0330072110247207
0.0330999527820354
0.0331926945393502
0.033285436296665
0.0333781780539797
0.0334709198112945
0.0335636615686093
0.0336564033259241
0.0337491450832388
0.0338418868405536
0.0339346285978684
0.0340273703551831
0.0341201121124979
0.0342128538698127
0.0343055956271274
0.0343983373844422
0.034491079141757
0.0345838208990718
0.0346765626563865
0.0347693044137013
0.0348620461710161
0.0349547879283308
0.0350475296856456
0.0351402714429604
0.0352330132002751
0.0353257549575899
0.0354184967149047
0.0355112384722195
0.0356039802295342
0.035696721986849
0.0357894637441638
0.0358822055014785
0.0359749472587933
0.0360676890161081
0.0361604307734228
0.0362531725307376
0.0363459142880524
0.0364386560453672
0.0365313978026819
0.0366241395599967
0.0367168813173115
0.0368096230746262
0.036902364831941
0.0369951065892558
0.0370878483465705
0.0371805901038853
0.0372733318612001
0.0373660736185149
0.0374588153758296
0.0375515571331444
0.0376442988904592
0.0377370406477739
0.0378297824050887
0.0379225241624035
0.0380152659197182
0.038108007677033
0.0382007494343478
0.0382934911916626
0.0383862329489773
0.0384789747062921
0.0385717164636069
0.0386644582209216
0.0387571999782364
0.0388499417355512
0.0389426834928659
0.0390354252501807
0.0391281670074955
0.0392209087648103
0.039313650522125
0.0394063922794398
0.0394991340367546
0.0395918757940693
0.0396846175513841
0.0397773593086989
0.0398701010660136
0.0399628428233284
0.0400555845806432
0.040148326337958
0.0402410680952727
0.0403338098525875
0.0404265516099023
0.040519293367217
0.0406120351245318
0.0407047768818466
0.0407975186391613
0.0408902603964761
0.0409830021537909
0.0410757439111057
0.0411684856684204
0.0412612274257352
0.04135396918305
0.0414467109403647
0.0415394526976795
0.0416321944549943
0.041724936212309
0.0418176779696238
0.0419104197269386
0.0420031614842534
0.0420959032415681
0.0421886449988829
0.0422813867561977
0.0423741285135124
0.0424668702708272
0.042559612028142
0.0426523537854567
0.0427450955427715
0.0428378373000863
0.0429305790574011
0.0430233208147158
0.0431160625720306
0.0432088043293454
0.0433015460866601
0.0433942878439749
0.0434870296012897
0.0435797713586044
0.0436725131159192
0.043765254873234
0.0438579966305488
0.0439507383878635
0.0440434801451783
0.0441362219024931
0.0442289636598078
0.0443217054171226
0.0444144471744374
0.0445071889317521
0.0445999306890669
0.0446926724463817
0.0447854142036965
0.0448781559610112
0.044970897718326
0.0450636394756408
0.0451563812329555
0.0452491229902703
0.0453418647475851
0.0454346065048998
0.0455273482622146
0.0456200900195294
0.0457128317768442
0.0458055735341589
0.0458983152914737
0.0459910570487885
0.0460837988061032
0.046176540563418
0.0462692823207328
0.0463620240780475
0.0464547658353623
0.0465475075926771
0.0466402493499918
0.0467329911073066
0.0468257328646214
0.0469184746219362
0.0470112163792509
0.0471039581365657
0.0471966998938805
0.0472894416511952
0.04738218340851
0.0474749251658248
0.0475676669231396
0.0476604086804543
0.0477531504377691
0.0478458921950839
0.0479386339523986
0.0480313757097134
0.0481241174670282
0.0482168592243429
0.0483096009816577
0.0484023427389725
0.0484950844962872
0.048587826253602
0.0486805680109168
0.0487733097682316
0.0488660515255463
0.0489587932828611
0.0490515350401759
0.0491442767974906
0.0492370185548054
0.0493297603121202
0.049422502069435
0.0495152438267497
0.0496079855840645
0.0497007273413793
0.049793469098694
0.0498862108560088
0.0499789526133236
0.0500716943706383
0.0501644361279531
0.0502571778852679
0.0503499196425827
0.0504426613998974
0.0505354031572122
0.050628144914527
0.0507208866718417
0.0508136284291565
0.0509063701864713
0.050999111943786
0.0510918537011008
0.0511845954584156
0.0512773372157303
0.0513700789730451
0.0514628207303599
0.0515555624876747
0.0516483042449894
0.0517410460023042
0.051833787759619
0.0519265295169337
0.0520192712742485
0.0521120130315633
0.052204754788878
0.0522974965461928
0.0523902383035076
0.0524829800608224
0.0525757218181371
0.0526684635754519
0.0527612053327667
0.0528539470900814
0.0529466888473962
0.053039430604711
0.0531321723620258
0.0532249141193405
0.0533176558766553
0.0534103976339701
0.0535031393912848
0.0535958811485996
0.0536886229059144
0.0537813646632291
0.0538741064205439
0.0539668481778587
0.0540595899351735
0.0541523316924882
0.054245073449803
0.0543378152071178
0.0544305569644325
0.0545232987217473
0.0546160404790621
0.0547087822363768
0.0548015239936916
0.0548942657510064
0.0549870075083212
0.0550797492656359
0.0551724910229507
0.0552652327802655
0.0553579745375802
0.055450716294895
0.0555434580522098
0.0556361998095245
0.0557289415668393
0.0558216833241541
0.0559144250814688
0.0560071668387836
0.0560999085960984
0.0561926503534131
0.0562853921107279
0.0563781338680427
0.0564708756253575
0.0565636173826722
0.056656359139987
0.0567491008973018
0.0568418426546166
0.0569345844119313
0.0570273261692461
0.0571200679265609
0.0572128096838756
0.0573055514411904
0.0573982931985052
0.0574910349558199
0.0575837767131347
0.0576765184704495
0.0577692602277642
0.057862001985079
0.0579547437423938
0.0580474854997086
0.0581402272570233
0.0582329690143381
0.0583257107716529
0.0584184525289676
0.0585111942862824
0.0586039360435972
0.058696677800912
0.0587894195582267
0.0588821613155415
0.0589749030728563
0.059067644830171
0.0591603865874858
0.0592531283448006
0.0593458701021153
0.0594386118594301
0.0595313536167449
0.0596240953740596
0.0597168371313744
0.0598095788886892
0.0599023206460039
0.0599950624033187
0.0600878041606335
0.0601805459179483
0.060273287675263
0.0603660294325778
0.0604587711898926
0.0605515129472073
0.0606442547045221
0.0607369964618369
0.0608297382191517
0.0609224799764664
0.0610152217337812
0.061107963491096
0.0612007052484107
0.0612934470057255
0.0613861887630403
0.061478930520355
0.0615716722776698
0.0616644140349846
0.0617571557922994
0.0618498975496141
0.0619426393069289
0.0620353810642437
0.0621281228215584
0.0622208645788732
0.062313606336188
0.0624063480935028
0.0624990898508175
0.0625918316081323
0.0626845733654471
0.0627773151227618
0.0628700568800766
0.0629627986373914
0.0630555403947061
0.0631482821520209
0.0632410239093357
0.0633337656666504
0.0634265074239652
0.06351924918128
0.0636119909385948
0.0637047326959095
0.0637974744532243
0.0638902162105391
0.0639829579678538
0.0640756997251686
0.0641684414824834
0.0642611832397982
0.0643539249971129
0.0644466667544277
0.0645394085117425
0.0646321502690572
0.064724892026372
0.0648176337836868
0.0649103755410015
0.0650031172983163
0.0650958590556311
0.0651886008129458
0.0652813425702606
0.0653740843275754
0.0654668260848902
0.0655595678422049
0.0656523095995197
0.0657450513568345
0.0658377931141493
0.065930534871464
0.0660232766287788
0.0661160183860936
0.0662087601434083
0.0663015019007231
0.0663942436580379
0.0664869854153526
0.0665797271726674
0.0666724689299822
0.0667652106872969
0.0668579524446117
0.0669506942019265
0.0670434359592412
0.067136177716556
0.0672289194738708
0.0673216612311856
0.0674144029885003
0.0675071447458151
0.0675998865031299
0.0676926282604446
0.0677853700177594
0.0678781117750742
0.067970853532389
0.0680635952897037
0.0681563370470185
0.0682490788043333
0.068341820561648
0.0684345623189628
0.0685273040762776
0.0686200458335923
0.0687127875909071
0.0688055293482219
0.0688982711055366
0.0689910128628514
0.0690837546201662
0.069176496377481
0.0692692381347957
0.0693619798921105
0.0694547216494253
0.06954746340674
0.0696402051640548
0.0697329469213696
0.0698256886786844
0.0699184304359991
0.0700111721933139
0.0701039139506287
0.0701966557079434
0.0702893974652582
0.070382139222573
0.0704748809798877
0.0705676227372025
0.0706603644945173
0.0707531062518321
0.0708458480091468
0.0709385897664616
0.0710313315237764
0.0711240732810911
0.0712168150384059
0.0713095567957207
0.0714022985530354
0.0714950403103502
0.071587782067665
0.0716805238249797
0.0717732655822945
0.0718660073396093
0.0719587490969241
0.0720514908542388
0.0721442326115536
0.0722369743688684
0.0723297161261831
0.0724224578834979
0.0725151996408127
0.0726079413981274
0.0727006831554422
0.072793424912757
0.0728861666700718
0.0729789084273865
0.0730716501847013
0.0731643919420161
0.0732571336993308
0.0733498754566456
0.0734426172139604
0.0735353589712752
0.0736281007285899
0.0737208424859047
0.0738135842432195
0.0739063260005342
0.073999067757849
0.0740918095151638
0.0741845512724785
0.0742772930297933
0.0743700347871081
0.0744627765444228
0.0745555183017376
0.0746482600590524
0.0747410018163672
0.0748337435736819
0.0749264853309967
0.0750192270883115
0.0751119688456262
0.075204710602941
0.0752974523602558
0.0753901941175705
0.0754829358748853
0.0755756776322001
0.0756684193895149
0.0757611611468296
0.0758539029041444
0.0759466446614592
0.0760393864187739
0.0761321281760887
0.0762248699334035
0.0763176116907182
0.076410353448033
0.0765030952053478
0.0765958369626626
0.0766885787199773
0.0767813204772921
0.0768740622346069
0.0769668039919216
0.0770595457492364
0.0771522875065512
0.0772450292638659
0.0773377710211807
0.0774305127784955
0.0775232545358103
0.077615996293125
0.0777087380504398
0.0778014798077546
0.0778942215650693
0.0779869633223841
0.0780797050796989
0.0781724468370136
0.0782651885943284
0.0783579303516432
0.078450672108958
0.0785434138662727
