-0.0122740080049981
-0.0121817031652708
-0.0120893983255436
-0.0119970934858163
-0.0119047886460891
-0.0118124838063619
-0.0117201789666346
-0.0116278741269074
-0.0115355692871802
-0.0114432644474529
-0.0113509596077257
-0.0112586547679985
-0.0111663499282712
-0.011074045088544
-0.0109817402488168
-0.0108894354090895
-0.0107971305693623
-0.0107048257296351
-0.0106125208899078
-0.0105202160501806
-0.0104279112104534
-0.0103356063707261
-0.0102433015309989
-0.0101509966912716
-0.0100586918515444
-0.00996638701181718
-0.00987408217208994
-0.00978177733236271
-0.00968947249263547
-0.00959716765290824
-0.009504862813181
-0.00941255797345377
-0.00932025313372653
-0.0092279482939993
-0.00913564345427206
-0.00904333861454483
-0.00895103377481759
-0.00885872893509036
-0.00876642409536312
-0.00867411925563589
-0.00858181441590865
-0.00848950957618142
-0.00839720473645418
-0.00830489989672695
-0.00821259505699971
-0.00812029021727248
-0.00802798537754524
-0.00793568053781801
-0.00784337569809077
-0.00775107085836354
-0.0076587660186363
-0.00756646117890907
-0.00747415633918183
-0.0073818514994546
-0.00728954665972736
-0.00719724182000013
-0.00710493698027289
-0.00701263214054566
-0.00692032730081842
-0.00682802246109119
-0.00673571762136395
-0.00664341278163672
-0.00655110794190948
-0.00645880310218225
-0.00636649826245501
-0.00627419342272778
-0.00618188858300054
-0.00608958374327331
-0.00599727890354607
-0.00590497406381884
-0.0058126692240916
-0.00572036438436437
-0.00562805954463713
-0.0055357547049099
-0.00544344986518266
-0.00535114502545543
-0.00525884018572819
-0.00516653534600096
-0.00507423050627372
-0.00498192566654649
-0.00488962082681925
-0.00479731598709202
-0.00470501114736478
-0.00461270630763755
-0.00452040146791031
-0.00442809662818308
-0.00433579178845584
-0.00424348694872861
-0.00415118210900137
-0.00405887726927413
-0.0039665724295469
-0.00387426758981966
-0.00378196275009243
-0.0036896579103652
-0.00359735307063796
-0.00350504823091073
-0.00341274339118349
-0.00332043855145625
-0.00322813371172902
-0.00313582887200179
-0.00304352403227455
-0.00295121919254731
-0.00285891435282008
-0.00276660951309285
-0.00267430467336561
-0.00258199983363837
-0.00248969499391114
-0.0023973901541839
-0.00230508531445667
-0.00221278047472943
-0.0021204756350022
-0.00202817079527496
-0.00193586595554773
-0.00184356111582049
-0.00175125627609326
-0.00165895143636602
-0.00156664659663879
-0.00147434175691155
-0.00138203691718432
-0.00128973207745708
-0.00119742723772985
-0.00110512239800261
-0.00101281755827538
-0.000920512718548143
-0.000828207878820908
-0.000735903039093674
-0.000643598199366439
-0.000551293359639205
-0.000458988519911968
-0.000366683680184733
-0.000274378840457499
-0.000182074000730264
-8.97691610030303e-05
2.53567872420674e-06
9.4840518451442e-05
0.000187145358178676
0.000279450197905911
0.000371755037633148
0.000464059877360382
0.000556364717087617
0.000648669556814852
0.000740974396542086
0.000833279236269323
0.000925584075996556
0.00101788891572379
0.00111019375545103
0.00120249859517826
0.0012948034349055
0.00138710827463273
0.00147941311435997
0.0015717179540872
0.00166402279381444
0.00175632763354167
0.00184863247326891
0.00194093731299614
0.00203324215272338
0.00212554699245061
0.00221785183217785
0.00231015667190508
0.00240246151163232
0.00249476635135955
0.00258707119108679
0.00267937603081402
0.00277168087054126
0.00286398571026849
0.00295629054999573
0.00304859538972296
0.0031409002294502
0.00323320506917743
0.00332550990890467
0.0034178147486319
0.00351011958835914
0.00360242442808638
0.00369472926781361
0.00378703410754084
0.00387933894726808
0.00397164378699531
0.00406394862672255
0.00415625346644978
0.00424855830617702
0.00434086314590425
0.00443316798563149
0.00452547282535872
0.00461777766508596
0.0047100825048132
0.00480238734454043
0.00489469218426766
0.0049869970239949
0.00507930186372213
0.00517160670344937
0.0052639115431766
0.00535621638290384
0.00544852122263107
0.00554082606235831
0.00563313090208555
0.00572543574181278
0.00581774058154001
0.00591004542126725
0.00600235026099448
0.00609465510072172
0.00618695994044895
0.00627926478017619
0.00637156961990342
0.00646387445963066
0.00655617929935789
0.00664848413908513
0.00674078897881236
0.0068330938185396
0.00692539865826683
0.00701770349799407
0.00711000833772131
0.00720231317744854
0.00729461801717577
0.00738692285690301
0.00747922769663024
0.00757153253635748
0.00766383737608472
0.00775614221581195
0.00784844705553919
0.00794075189526642
0.00803305673499366
0.00812536157472089
0.00821766641444812
0.00830997125417536
0.00840227609390259
0.00849458093362983
0.00858688577335706
0.0086791906130843
0.00877149545281154
0.00886380029253877
0.00895610513226601
0.00904840997199324
0.00914071481172047
0.00923301965144771
0.00932532449117494
0.00941762933090218
0.00950993417062941
0.00960223901035665
0.00969454385008389
0.00978684868981112
0.00987915352953836
0.00997145836926559
0.0100637632089928
0.0101560680487201
0.0102483728884473
0.0103406777281745
0.0104329825679018
0.010525287407629
0.0106175922473562
0.0107098970870835
0.0108022019268107
0.0108945067665379
0.0109868116062652
0.0110791164459924
0.0111714212857196
0.0112637261254469
0.0113560309651741
0.0114483358049014
0.0115406406446286
0.0116329454843558
0.0117252503240831
0.0118175551638103
0.0119098600035375
0.0120021648432648
0.012094469682992
0.0121867745227192
0.0122790793624465
0.0123713842021737
0.0124636890419009
0.0125559938816282
0.0126482987213554
0.0127406035610826
0.0128329084008099
0.0129252132405371
0.0130175180802643
0.0131098229199916
0.0132021277597188
0.0132944325994461
0.0133867374391733
0.0134790422789005
0.0135713471186278
0.013663651958355
0.0137559567980822
0.0138482616378095
0.0139405664775367
0.0140328713172639
0.0141251761569912
0.0142174809967184
0.0143097858364456
0.0144020906761729
0.0144943955159001
0.0145867003556273
0.0146790051953546
0.0147713100350818
0.014863614874809
0.0149559197145363
0.0150482245542635
0.0151405293939908
0.015232834233718
0.0153251390734452
0.0154174439131725
0.0155097487528997
0.0156020535926269
0.0156943584323542
0.0157866632720814
0.0158789681118086
0.0159712729515359
0.0160635777912631
0.0161558826309903
0.0162481874707176
0.0163404923104448
0.016432797150172
0.0165251019898993
0.0166174068296265
0.0167097116693537
0.016802016509081
0.0168943213488082
0.0169866261885355
0.0170789310282627
0.0171712358679899
0.0172635407077172
0.0173558455474444
0.0174481503871716
0.0175404552268989
0.0176327600666261
0.0177250649063533
0.0178173697460806
0.0179096745858078
0.018001979425535
0.0180942842652623
0.0181865891049895
0.0182788939447167
0.018371198784444
0.0184635036241712
0.0185558084638984
0.0186481133036257
0.0187404181433529
0.0188327229830802
0.0189250278228074
0.0190173326625346
0.0191096375022619
0.0192019423419891
0.0192942471817163
0.0193865520214436
0.0194788568611708
0.019571161700898
0.0196634665406253
0.0197557713803525
0.0198480762200797
0.019940381059807
0.0200326858995342
0.0201249907392614
0.0202172955789887
0.0203096004187159
0.0204019052584432
0.0204942100981704
0.0205865149378976
0.0206788197776249
0.0207711246173521
0.0208634294570793
0.0209557342968066
0.0210480391365338
0.021140343976261
0.0212326488159883
0.0213249536557155
0.0214172584954427
0.02150956333517
0.0216018681748972
0.0216941730146244
0.0217864778543517
0.0218787826940789
0.0219710875338061
0.0220633923735334
0.0221556972132606
0.0222480020529879
0.0223403068927151
0.0224326117324423
0.0225249165721696
0.0226172214118968
0.022709526251624
0.0228018310913513
0.0228941359310785
0.0229864407708057
0.023078745610533
0.0231710504502602
0.0232633552899874
0.0233556601297147
0.0234479649694419
0.0235402698091691
0.0236325746488964
0.0237248794886236
0.0238171843283508
0.0239094891680781
0.0240017940078053
0.0240940988475326
0.0241864036872598
0.024278708526987
0.0243710133667143
0.0244633182064415
0.0245556230461687
0.024647927885896
0.0247402327256232
0.0248325375653504
0.0249248424050777
0.0250171472448049
0.0251094520845321
0.0252017569242594
0.0252940617639866
0.0253863666037138
0.0254786714434411
0.0255709762831683
0.0256632811228955
0.0257555859626228
0.02584789080235
0.0259401956420773
0.0260325004818045
0.0261248053215317
0.026217110161259
0.0263094150009862
0.0264017198407134
0.0264940246804407
0.0265863295201679
0.0266786343598951
0.0267709391996224
0.0268632440393496
0.0269555488790768
0.0270478537188041
0.0271401585585313
0.0272324633982585
0.0273247682379858
0.027417073077713
0.0275093779174403
0.0276016827571675
0.0276939875968947
0.027786292436622
0.0278785972763492
0.0279709021160764
0.0280632069558037
0.0281555117955309
0.0282478166352581
0.0283401214749854
0.0284324263147126
0.0285247311544398
0.0286170359941671
0.0287093408338943
0.0288016456736215
0.0288939505133488
0.028986255353076
0.0290785601928032
0.0291708650325305
0.0292631698722577
0.0293554747119849
0.0294477795517122
0.0295400843914394
0.0296323892311667
0.0297246940708939
0.0298169989106211
0.0299093037503484
0.0300016085900756
0.0300939134298028
0.0301862182695301
0.0302785231092573
0.0303708279489845
0.0304631327887118
0.030555437628439
0.0306477424681662
0.0307400473078935
0.0308323521476207
0.0309246569873479
0.0310169618270752
0.0311092666668024
0.0312015715065296
0.0312938763462569
0.0313861811859841
0.0314784860257114
0.0315707908654386
0.0316630957051658
0.0317554005448931
0.0318477053846203
0.0319400102243475
0.0320323150640748
0.032124619903802
0.0322169247435292
0.0323092295832565
0.0324015344229837
0.0324938392627109
0.0325861441024382
0.0326784489421654
0.0327707537818926
0.0328630586216199
0.0329553634613471
0.0330476683010743
0.0331399731408016
0.0332322779805288
0.0333245828202561
0.0334168876599833
0.0335091924997105
0.0336014973394378
0.033693802179165
0.0337861070188922
0.0338784118586195
0.0339707166983467
0.0340630215380739
0.0341553263778012
0.0342476312175284
0.0343399360572556
0.0344322408969829
0.0345245457367101
0.0346168505764373
0.0347091554161646
0.0348014602558918
0.034893765095619
0.0349860699353463
0.0350783747750735
0.0351706796148008
0.035262984454528
0.0353552892942552
0.0354475941339825
0.0355398989737097
0.0356322038134369
0.0357245086531642
0.0358168134928914
0.0359091183326186
0.0360014231723459
0.0360937280120731
0.0361860328518003
0.0362783376915276
0.0363706425312548
0.036462947370982
0.0365552522107093
0.0366475570504365
0.0367398618901637
0.036832166729891
0.0369244715696182
0.0370167764093455
0.0371090812490727
0.0372013860887999
0.0372936909285272
0.0373859957682544
0.0374783006079816
0.0375706054477089
0.0376629102874361
0.0377552151271633
0.0378475199668906
0.0379398248066178
0.038032129646345
0.0381244344860723
0.0382167393257995
0.0383090441655268
0.038401349005254
0.0384936538449812
0.0385859586847084
0.0386782635244357
0.0387705683641629
0.0388628732038902
0.0389551780436174
0.0390474828833446
0.0391397877230719
0.0392320925627991
0.0393243974025263
0.0394167022422536
0.0395090070819808
0.039601311921708
0.0396936167614353
0.0397859216011625
0.0398782264408897
0.039970531280617
0.0400628361203442
0.0401551409600715
0.0402474457997987
0.0403397506395259
0.0404320554792532
0.0405243603189804
0.0406166651587076
0.0407089699984349
0.0408012748381621
0.0408935796778893
0.0409858845176166
0.0410781893573438
0.041170494197071
0.0412627990367983
0.0413551038765255
0.0414474087162527
0.04153971355598
0.0416320183957072
0.0417243232354344
0.0418166280751617
0.0419089329148889
0.0420012377546162
0.0420935425943434
0.0421858474340706
0.0422781522737979
0.0423704571135251
0.0424627619532523
0.0425550667929796
0.0426473716327068
0.042739676472434
0.0428319813121613
0.0429242861518885
0.0430165909916157
0.043108895831343
0.0432012006710702
0.0432935055107974
0.0433858103505247
0.0434781151902519
0.0435704200299791
0.0436627248697064
0.0437550297094336
0.0438473345491609
0.0439396393888881
0.0440319442286153
0.0441242490683426
0.0442165539080698
0.044308858747797
0.0444011635875243
0.0444934684272515
0.0445857732669787
0.044678078106706
0.0447703829464332
0.0448626877861604
0.0449549926258877
0.0450472974656149
0.0451396023053421
0.0452319071450694
0.0453242119847966
0.0454165168245238
0.0455088216642511
0.0456011265039783
0.0456934313437055
0.0457857361834328
0.04587804102316
0.0459703458628873
0.0460626507026145
0.0461549555423417
0.046247260382069
0.0463395652217962
0.0464318700615234
0.0465241749012507
0.0466164797409779
0.0467087845807051
0.0468010894204324
0.0468933942601596
0.0469856990998868
0.0470780039396141
0.0471703087793413
0.0472626136190685
0.0473549184587958
0.047447223298523
0.0475395281382502
0.0476318329779775
0.0477241378177047
0.047816442657432
0.0479087474971592
0.0480010523368864
0.0480933571766137
0.0481856620163409
0.0482779668560681
0.0483702716957954
0.0484625765355226
0.0485548813752498
0.0486471862149771
0.0487394910547043
0.0488317958944315
0.0489241007341588
0.049016405573886
0.0491087104136132
0.0492010152533405
0.0492933200930677
0.0493856249327949
0.0494779297725222
0.0495702346122494
0.0496625394519767
0.0497548442917039
0.0498471491314311
0.0499394539711584
0.0500317588108856
0.0501240636506128
0.0502163684903401
0.0503086733300673
0.0504009781697945
0.0504932830095218
0.050585587849249
0.0506778926889762
0.0507701975287035
0.0508625023684307
0.0509548072081579
0.0510471120478852
0.0511394168876124
0.0512317217273397
0.0513240265670669
0.0514163314067941
0.0515086362465214
0.0516009410862486
0.0516932459259758
0.0517855507657031
0.0518778556054303
0.0519701604451575
0.0520624652848848
0.052154770124612
0.0522470749643392
0.0523393798040665
0.0524316846437937
0.0525239894835209
0.0526162943232482
0.0527085991629754
0.0528009040027026
0.0528932088424299
0.0529855136821571
0.0530778185218844
0.0531701233616116
0.0532624282013388
0.0533547330410661
0.0534470378807933
0.0535393427205205
0.0536316475602478
0.053723952399975
0.0538162572397022
0.0539085620794295
0.0540008669191567
0.0540931717588839
0.0541854765986112
0.0542777814383384
0.0543700862780656
0.0544623911177929
0.0545546959575201
0.0546470007972473
0.0547393056369746
0.0548316104767018
0.0549239153164291
0.0550162201561563
0.0551085249958835
0.0552008298356108
0.055293134675338
0.0553854395150652
0.0554777443547925
0.0555700491945197
0.0556623540342469
0.0557546588739742
0.0558469637137014
0.0559392685534286
0.0560315733931559
0.0561238782328831
0.0562161830726103
0.0563084879123376
0.0564007927520648
0.056493097591792
0.0565854024315193
0.0566777072712465
0.0567700121109738
0.056862316950701
0.0569546217904282
0.0570469266301555
0.0571392314698827
0.0572315363096099
0.0573238411493372
0.0574161459890644
0.0575084508287916
0.0576007556685189
0.0576930605082461
0.0577853653479733
0.0578776701877006
0.0579699750274278
0.058062279867155
0.0581545847068823
0.0582468895466095
0.0583391943863367
0.058431499226064
0.0585238040657912
0.0586161089055185
0.0587084137452457
0.0588007185849729
0.0588930234247002
0.0589853282644274
0.0590776331041546
0.0591699379438819
0.0592622427836091
0.0593545476233363
0.0594468524630636
0.0595391573027908
0.059631462142518
0.0597237669822453
0.0598160718219725
0.0599083766616997
0.060000681501427
0.0600929863411542
0.0601852911808814
0.0602775960206087
0.0603699008603359
0.0604622057000632
0.0605545105397904
0.0606468153795176
0.0607391202192449
0.0608314250589721
0.0609237298986993
0.0610160347384266
0.0611083395781538
0.061200644417881
0.0612929492576083
0.0613852540973355
0.0614775589370627
0.06156986377679
0.0616621686165172
0.0617544734562444
0.0618467782959717
0.0619390831356989
0.0620313879754261
0.0621236928151534
0.0622159976548806
0.0623083024946079
0.0624006073343351
0.0624929121740623
0.0625852170137896
0.0626775218535168
0.062769826693244
0.0628621315329713
0.0629544363726985
0.0630467412124257
0.063139046052153
0.0632313508918802
0.0633236557316074
0.0634159605713347
0.0635082654110619
0.0636005702507891
0.0636928750905164
0.0637851799302436
0.0638774847699708
0.0639697896096981
0.0640620944494253
0.0641543992891526
0.0642467041288798
0.064339008968607
0.0644313138083343
0.0645236186480615
0.0646159234877887
0.064708228327516
0.0648005331672432
0.0648928380069704
0.0649851428466977
0.0650774476864249
0.0651697525261521
0.0652620573658794
0.0653543622056066
0.0654466670453339
0.0655389718850611
0.0656312767247883
0.0657235815645155
0.0658158864042428
0.06590819124397
0.0660004960836973
0.0660928009234245
0.0661851057631517
0.066277410602879
0.0663697154426062
0.0664620202823334
0.0665543251220607
0.0666466299617879
0.0667389348015151
0.0668312396412424
0.0669235444809696
0.0670158493206968
0.0671081541604241
0.0672004590001513
0.0672927638398786
0.0673850686796058
0.067477373519333
0.0675696783590602
0.0676619831987875
0.0677542880385147
0.067846592878242
0.0679388977179692
0.0680312025576964
0.0681235073974236
0.0682158122371509
0.0683081170768781
0.0684004219166054
0.0684927267563326
0.0685850315960598
0.0686773364357871
0.0687696412755143
0.0688619461152415
0.0689542509549688
0.069046555794696
0.0691388606344233
0.0692311654741505
0.0693234703138777
0.069415775153605
0.0695080799933322
0.0696003848330594
0.0696926896727867
0.0697849945125139
0.0698772993522411
0.0699696041919683
0.0700619090316956
0.0701542138714228
0.0702465187111501
0.0703388235508773
0.0704311283906045
0.0705234332303318
0.070615738070059
0.0707080429097862
0.0708003477495135
0.0708926525892407
0.070984957428968
0.0710772622686952
0.0711695671084224
0.0712618719481497
0.0713541767878769
0.0714464816276041
0.0715387864673314
0.0716310913070586
0.0717233961467858
0.071815700986513
0.0719080058262403
0.0720003106659675
0.0720926155056948
0.072184920345422
0.0722772251851492
0.0723695300248765
0.0724618348646037
0.0725541397043309
0.0726464445440582
0.0727387493837854
0.0728310542235127
0.0729233590632399
0.0730156639029671
0.0731079687426944
0.0732002735824216
0.0732925784221488
0.0733848832618761
0.0734771881016033
0.0735694929413305
0.0736617977810577
0.073754102620785
0.0738464074605122
0.0739387123002395
0.0740310171399667
0.0741233219796939
0.0742156268194212
0.0743079316591484
0.0744002364988756
0.0744925413386029
0.0745848461783301
0.0746771510180574
0.0747694558577846
0.0748617606975118
0.0749540655372391
0.0750463703769663
0.0751386752166935
0.0752309800564208
0.075323284896148
0.0754155897358752
0.0755078945756025
0.0756001994153297
0.0756925042550569
0.0757848090947842
0.0758771139345114
0.0759694187742386
0.0760617236139659
0.0761540284536931
0.0762463332934203
0.0763386381331476
0.0764309429728748
0.0765232478126021
0.0766155526523293
0.0767078574920565
0.0768001623317838
0.076892467171511
0.0769847720112382
0.0770770768509655
0.0771693816906927
0.0772616865304199
0.0773539913701472
0.0774462962098744
0.0775386010496016
0.0776309058893289
0.0777232107290561
0.0778155155687833
0.0779078204085106
0.0780001252482378
0.078092430087965
0.0781847349276923
0.0782770397674195
0.0783693446071468
0.078461649446874
0.0785539542866012
0.0786462591263285
0.0787385639660557
0.0788308688057829
0.0789231736455102
0.0790154784852374
0.0791077833249646
0.0792000881646919
0.0792923930044191
0.0793846978441463
0.0794770026838736
0.0795693075236008
0.079661612363328
0.0797539172030553
0.0798462220427825
0.0799385268825098
